    1        0.0        0.0
    2        0.0        0.0
    3     1353.3        5.7
    4        0.0        0.0
    5     1389.8        5.8
    6        0.0        0.0
    7   495757.2     2075.6
    8      447.3        1.9
    9        0.0        0.0
   10      447.3        1.9
   11      330.9        1.4
   12      208.8        0.9
   13     1432.0        6.0
   14   483694.3     2025.1
   15      248.9        1.0
   16   431636.9     1807.2
   17      155.1        0.6
   18     5497.9       23.0
   19    16153.0       67.6
   20   268701.8     1125.0
   21   441636.2     1849.0
   22   591805.0     2477.8
   23     1556.1        6.5
   24   137205.6      574.5
   25     7639.4       32.0
   26   137205.6      574.5
   27        0.0        0.0
   28   137205.6      574.5
   29        0.0        0.0
   30    19168.3       80.3
   31     1660.7        7.0
   32    19168.3       80.3
   33        0.0        0.0
   34  1654436.6     6926.8
   35    11714.4       49.0
   36     1867.8        7.8
   37   529891.7     2218.6
   38     1867.8        7.8
   39     3418.5       14.3
   40     4856.2       20.3
   41     3148.9       13.2
   42        0.0        0.0
   43   656560.9     2748.9
   44     7732.5       32.4
   45  2793025.0    11693.8
   46        0.0        0.0
   47     8115.2       34.0
   48   551445.1     2308.8
   49    34948.7      146.3
   50   623543.6     2610.7
   51    34948.7      146.3
   52   503973.8     2110.0
   53   640698.9     2682.5
   54  1111637.5     4654.2
   55        0.0        0.0
   56        0.0        0.0
   57      305.6        1.3
   58      155.1        0.6
   59      248.9        1.0
   60      208.8        0.9
   61      447.3        1.9
   62        0.0        0.0
   63    13178.0       55.2
   64        0.0        0.0
   65    60870.1      254.9
   66    76846.7      321.7
   67        0.0        0.0
   68        0.0        0.0
   69   137205.6      574.5
   70    12499.6       52.3
   71   591805.0     2477.8
   72      657.8        2.8
   73    16153.0       67.6
   74    25217.5      105.6
   75        0.0        0.0
   76    25217.5      105.6
   77        0.0        0.0
   78  1654436.6     6926.8
   79    19168.3       80.3
   80   125176.0      524.1
   81    25217.5      105.6
   82   253370.3     1060.8
   83   513968.0     2151.9
   84     4880.4       20.4
   85    36217.7      151.6
   86        0.0        0.0
   87      153.7        0.6
   88      249.0        1.0
   89        0.0        0.0
   90        0.0        0.0
   91     8033.5       33.6
   92     3148.9       13.2
   93      620.9        2.6
   94     1867.8        7.8
   95    24877.2      104.2
   96     9211.1       38.6
   97    35504.0      148.6
   98      101.7        0.4
   99        0.0        0.0
  100        0.0        0.0
  101        0.0        0.0
  102    12969.0       54.3
  103    35504.0      148.6
  104    24877.2      104.2
  105        0.0        0.0
  106      153.7        0.6
  107    36217.7      151.6
  108        0.0        0.0
  109   513968.0     2151.9
  110    25217.5      105.6
  111    76846.7      321.7
  112        0.0        0.0
  113   640698.9     2682.5
  114    34948.7      146.3
  115  2793025.0    11693.8
  116       14.3        0.1
  117     3476.8       14.6
  118    43493.8      182.1
  119      706.3        3.0
